Q3
newton =

    -1    -1     1
    -1    -1     1
    -1    -1     1
    -1    -1     1
    -1    -1     1
    -1    -1     1
    -1    -1     1
    -1    -1     1
     1     1     1
     0     0     0
     0     0     0
     0     0     0
     0     0     0
     0     0     0
     0     0     0
     0     0     0
     0     0     0
     0     0     0
     0     0     0
     0     0     0
     0     0     0
     0     0     0
    -1    -1     1
     1     1     1
     1     1     1
     1     1     1
     1     1     1
     1     1     1
     1     1     1
     1     1     1
     1     1     1

broyden =

  -1.000000000000000  -1.000000000000000   1.000000000000000
  -1.000000000000000  -1.000000000000000   1.000000000000000
  -1.000000000000000  -1.000000000000000   1.000000000000000
  -1.000000000000000  -1.000000000000000   1.000000000000000
  -1.000000000000000  -1.000000000000000   1.000000000000000
                 NaN                 NaN                 NaN (-1,-1,0)
   1.000000000000000   1.000000000000000   1.000000000000000
  -1.000000000000000  -1.000000000000000   1.000000000000000
  -0.000000000000000  -0.000000000000000  -0.000000000000000
  -0.000000000000000  -0.000000000000000  -0.000000000000000
  -0.000000000000000  -0.000000000000000  -0.000000000000000
   0.000000000000000   0.000000000000000   0.000000000000000
  -0.000000000000000  -0.000000000000000  -0.000000000000000
   0.000000000000000   0.000000000000000   0.000000000000000
  -0.000000000000000  -0.000000000000000  -0.000000000000000
                   0                   0                   0
   0.000000000000000   0.000000000000000  -0.000000000000000
  -0.000000000000000  -0.000000000000000   0.000000000000000
   0.000000000000000   0.000000000000000  -0.000000000000000
  -0.000000000000000  -0.000000000000000   0.000000000000000
   0.000000000000000   0.000000000000000  -0.000000000000000
   0.000000000000000   0.000000000000000  -0.000000000000000
   0.000000000000000   0.000000000000000  -0.000000000000000
   1.000000000000000   1.000000000000000   1.000000000000000
  -1.000000000000000  -1.000000000000000   1.000000000000000
                 NaN                 NaN                 NaN (1,1,0)
   1.000000000000000   1.000000000000000   1.000000000000000
   1.000000000000000   1.000000000000000   1.000000000000000
   1.000000000000000   1.000000000000000   1.000000000000000
   1.000000000000000   1.000000000000000   1.000000000000000
   1.000000000000000   1.000000000000000   1.000000000000000



previous error is approximately next error squared => quadratic convergence

nResults =

   1.224744871391589
   0.360696604941503
   0.021244012082731
   0.000225733738193
   0.000000028802302
   0.000000000000001
                   0

previous error is approximately next error ^ 1.25 => superlinear convergence
bResults =

   1.224744871391589
   5.557933518853928
   2.473452147460146
   6.647662861397232
   4.869955240818563
  23.117651921082057
   2.491054239499819
   1.588295695632145
   0.744663853822398
   0.588162470972346
   0.506844645249347
   0.411022685642346
   0.017496185311085
   0.076336423953497
   0.030195262949251
   0.004481926652841
   0.000416454596790
   0.000027421821391
   0.000001198372470
   0.000000013062352
   0.000000000180630
   0.000000000006115
   0.000000000000014
                   0


1,1,1,2,3,4,6,8,10,11,14

bResults =

   0.200000000000000   0.200000000000000   1.000000000000000
   1.000000000000000   3.128000000000000   1.000000000000000
   0.471480314960630   0.920779527559056   1.000000000000000
   1.395878360740666   1.893317525561743   0.057907431119938
   0.313372190826388   1.125726448674978   2.030208596141200
   0.306221684265671   2.028006517450967   4.618016833397222
   0.128972664557071   0.057252584718051   0.527637083397019
   0.068030480227793   0.008079140621570   0.214189562217368
   0.024687574867902   0.008297118760277   0.070955286935565
   0.005183583487847   0.002656950354130   0.013470187667776
   0.000922253528386   0.000340055445875   0.002481836435865
   0.000106528930290   0.000026281200580   0.000324864772537
   0.000014027543130   0.000002647343127   0.000038817561860
   0.000000498269975   0.000000061436608   0.000001091823911
   0.000000010195466   0.000000020555048   0.000000012107447
   0.000000001187452   0.000000002964954   0.000000002423284
   0.000000000011279   0.000000000023882   0.000000000015403
   0.000000000000048   0.000000000000111   0.000000000000082
   0.000000000000000   0.000000000000000   0.000000000000000
                   0                   0                   0
1,1,2,3,3,4,6,7,8,10,13,15

Extra Credit

Actual solutions:
Beta =

   1.000000000000000   1.000000000000000   1.000000000000000
   0.948683298050514   0.948683298050514   1.000000000000000
   0.894427190999916   0.894427190999916   1.000000000000000
   0.836660026534076   0.836660026534076   1.000000000000000
   0.774596669241483   0.774596669241483   1.000000000000000
   0.707106781186548   0.707106781186548   1.000000000000000
   0.632455532033676   0.632455532033676   1.000000000000000
   0.547722557505166   0.547722557505166   1.000000000000000
   0.447213595499958   0.447213595499958   1.000000000000000
   0.316227766016838   0.316227766016838   1.000000000000000
                   0                   0   1.000000000000000


Rho =

   1.000000000000000   1.000000000000000   1.000000000000000
   0.948683298050514   0.948683298050514   0.900000000000000
   0.894427190999916   0.894427190999916   0.800000000000000
   0.836660026534076   0.836660026534076   0.700000000000000
   0.774596669241483   0.774596669241483   0.600000000000000
   0.707106781186548   0.707106781186548   0.500000000000000
   0.632455532033676   0.632455532033676   0.400000000000000
   0.547722557505166   0.547722557505166   0.300000000000000
   0.447213595499958   0.447213595499958   0.200000000000000
   0.316227766016838   0.316227766016838   0.100000000000000
                   0                   0                   0

Approximations:
They seem right
Beta =

   1.000000000000000   1.000000000000000   1.000000000000000
   0.948683298050514   0.948683298050514   1.000000000000000
   0.894427190999916   0.894427190999916   1.000000000000000
   0.836660026534076   0.836660026534076   1.000000000000000
   0.774596669241483   0.774596669241483   1.000000000000000
   0.707106781186547   0.707106781186547   1.000000000000000
   0.632455532033676   0.632455532033676   1.000000000000000
   0.547722557505166   0.547722557505166   1.000000000000000
   0.447213595499958   0.447213595499958   1.000000000000000
   0.316227766016838   0.316227766016838   1.000000000000000
   0.000000000000000   0.000000000000000   1.000000000000000

